Run semi-empirical minimization
 &qmmm
    qm_theory='AM1', grms_tol=0.0005,
 scfconv=1.d-10, ndiis_attempts=700,   qmcharge=0,
 /
   6    C1        5.0860        1.3630        0.0040 
   6    C2        3.6620        1.1600        0.4970 
   6    C3        2.8230        0.3850       -0.5190 
   6    C4        1.3910        0.1820       -0.0200 
   6    C5        0.5530       -0.5960       -1.0390 
   6    C6       -0.8620       -0.8070       -0.5610 
   6    C7       -1.2960       -1.9520       -0.0220 
   8    O1       -0.4510       -3.0370        0.1610 
   6    C8       -2.7000       -2.1270        0.4230 
   8    O2       -3.0250       -3.2080        0.9090 
   6    C9       -3.6450       -0.9830        0.2590 
   8    O3       -4.9390       -1.2070        0.6990 
   6   C10       -3.2250        0.1720       -0.2870 
   6   C11       -4.0580        1.4050       -0.5040 
   6   C12       -1.8080        0.3240       -0.7430 
   8    O4       -1.4360        1.3740       -1.2600 
   1    H1        5.5830        0.4020       -0.1670 
   1    H2        5.1000        1.9290       -0.9330 
   1    H3        5.6680        1.9190        0.7450 
   1    H4        3.6850        0.6200        1.4500 
   1    H5        3.2050        2.1380        0.6880 
   1    H6        3.2870       -0.5910       -0.7100 
   1    H7        2.8070        0.9270       -1.4720 
   1    H8        0.9340        1.1600        0.1770 
   1    H9        1.4100       -0.3600        0.9340 
   1   H10        0.5450       -0.0700       -2.0020 
   1   H11        1.0370       -1.5600       -1.2410 
   1   H12       -1.0130       -3.7320        0.5700 
   1   H13       -5.5060       -0.4430        0.5250 
   1   H14       -5.0800        1.3180       -0.1310 
   1   H15       -4.1230        1.6350       -1.5740 
   1   H16       -3.6080        2.2630        0.0070 

