Run semi-empirical minimization
 &qmmm
    qm_theory='AM1', grms_tol=0.0005,
 scfconv=1.d-10, ndiis_attempts=700,   qmcharge=0,
 /
   6    C1        7.6060        5.0420        0.9660 
   6    C2        7.1800        4.7320        2.3930 
   6    C3        6.0830        3.6690        2.4840 
   6    C4        6.5390        2.2890        2.0020 
   6    C5        5.5170        1.1820        2.2800 
   6    C6        4.1380        1.3690        1.6360 
   6    C7        4.1890        1.4600        0.1080 
   6    C8        2.7960        1.5280       -0.5330 
   6    C9        2.2920        0.1960       -1.1020 
   6   C10        2.0470       -0.9210       -0.0850 
   6   C11        0.9060       -0.6670        0.9110 
   6   C12       -0.4680       -0.6960        0.2830 
   6   C13       -1.1320       -1.8360        0.0410 
   6   C14       -2.4860       -1.8400       -0.5650 
   8    O1       -3.0610       -2.9040       -0.7740 
   6   C15       -3.1020       -0.5530       -0.9060 
   6   C16       -2.4720        0.5990       -0.6610 
   6   C17       -1.1120        0.6130       -0.0280 
   8    O2       -0.5500        1.6730        0.2290 
   8    O3       -3.0460        1.8200       -0.9750 
   8    O4       -0.5830       -3.0750        0.3350 
   1    H1        8.3190        5.8730        0.9590 
   1    H2        6.7460        5.3280        0.3520 
   1    H3        8.0950        4.1820        0.4980 
   1    H4        8.0550        4.4190        2.9750 
   1    H5        6.8080        5.6550        2.8530 
   1    H6        5.7630        3.5960        3.5310 
   1    H7        5.2130        4.0030        1.9070 
   1    H8        7.4730        2.0230        2.5110 
   1    H9        6.7680        2.3170        0.9320 
   1   H10        5.3820        1.0890        3.3650 
   1   H11        5.9390        0.2280        1.9400 
   1   H12        3.6540        2.2630        2.0430 
   1   H13        3.5140        0.5220        1.9400 
   1   H14        4.7230        2.3780       -0.1640 
   1   H15        4.7660        0.6260       -0.3080 
   1   H16        2.0700        1.9600        0.1630 
   1   H17        2.8550        2.2270       -1.3780 
   1   H18        1.3730        0.3820       -1.6690 
   1   H19        3.0250       -0.1650       -1.8350 
   1   H20        2.9700       -1.1180        0.4720 
   1   H21        1.8390       -1.8460       -0.6390 
   1   H22        1.0700        0.2690        1.4560 
   1   H23        0.9540       -1.4460        1.6840 
   1   H24       -4.0840       -0.6060       -1.3570 
   1   H25       -3.9220        1.6850       -1.3710 
   1   H26       -1.2580       -3.7330        0.0630 

